Задание: Перeставить элементы в массиве следующим образом: первый положительный с последним отрицательным, второй положительный с предпоследним отрицательным и т.д.
Автор: Николаев Всеволод Юрьевич    Группа: 2302       Версия 2: 
Дата начала: 25.10.2022             Дата окончания:

В файле in2.txt находится 66 элементов:
a[1] = -1.000000;
a[2] = 2.000000;
a[3] = -3.000000;
a[4] = 4.000000;
a[5] = -5.000000;
a[6] = 6.000000;
a[7] = -7.000000;
a[8] = 8.000000;
a[9] = -9.000000;
a[10] = 10.000000;
a[11] = -11.000000;
a[12] = 12.000000;
a[13] = -13.000000;
a[14] = 14.000000;
a[15] = -15.000000;
a[16] = 16.000000;
a[17] = -17.000000;
a[18] = 18.000000;
a[19] = -19.000000;
a[20] = 20.000000;
a[21] = -21.000000;
a[22] = 22.000000;
a[23] = -23.000000;
a[24] = 24.000000;
a[25] = -25.000000;
a[26] = 26.000000;
a[27] = -27.000000;
a[28] = 28.000000;
a[29] = -29.000000;
a[30] = 30.000000;
a[31] = -31.000000;
a[32] = 32.000000;
a[33] = -33.000000;
a[34] = 34.000000;
a[35] = -35.000000;
a[36] = 36.000000;
a[37] = -37.000000;
a[38] = 38.000000;
a[39] = -39.000000;
a[40] = 40.000000;
a[41] = -41.000000;
a[42] = 42.000000;
a[43] = -43.000000;
a[44] = 44.000000;
a[45] = -45.000000;
a[46] = 46.000000;
a[47] = -47.000000;
a[48] = 48.000000;
a[49] = -49.000000;
a[50] = 50.000000;
a[51] = -51.000000;
a[52] = 52.000000;
a[53] = -53.000000;
a[54] = 54.000000;
a[55] = -55.000000;
a[56] = 56.000000;
a[57] = -57.000000;
a[58] = 58.000000;
a[59] = -59.000000;
a[60] = 60.000000;
a[61] = -61.000000;
a[62] = 62.000000;
a[63] = -63.000000;
a[64] = 64.000000;
a[65] = -65.000000;
a[66] = 66.000000.

Получился массив:
a[1] = 66.000000;
a[2] = -65.000000;
a[3] = 64.000000;
a[4] = -63.000000;
a[5] = 62.000000;
a[6] = -61.000000;
a[7] = 60.000000;
a[8] = -59.000000;
a[9] = 58.000000;
a[10] = -57.000000;
a[11] = 56.000000;
a[12] = -55.000000;
a[13] = 54.000000;
a[14] = -53.000000;
a[15] = 52.000000;
a[16] = -51.000000;
a[17] = 50.000000;
a[18] = -49.000000;
a[19] = 48.000000;
a[20] = -47.000000;
a[21] = 46.000000;
a[22] = -45.000000;
a[23] = 44.000000;
a[24] = -43.000000;
a[25] = 42.000000;
a[26] = -41.000000;
a[27] = 40.000000;
a[28] = -39.000000;
a[29] = 38.000000;
a[30] = -37.000000;
a[31] = 36.000000;
a[32] = -35.000000;
a[33] = 34.000000;
a[34] = -33.000000;
a[35] = 32.000000;
a[36] = -31.000000;
a[37] = 30.000000;
a[38] = -29.000000;
a[39] = 28.000000;
a[40] = -27.000000;
a[41] = 26.000000;
a[42] = -25.000000;
a[43] = 24.000000;
a[44] = -23.000000;
a[45] = 22.000000;
a[46] = -21.000000;
a[47] = 20.000000;
a[48] = -19.000000;
a[49] = 18.000000;
a[50] = -17.000000;
a[51] = 16.000000;
a[52] = -15.000000;
a[53] = 14.000000;
a[54] = -13.000000;
a[55] = 12.000000;
a[56] = -11.000000;
a[57] = 10.000000;
a[58] = -9.000000;
a[59] = 8.000000;
a[60] = -7.000000;
a[61] = 6.000000;
a[62] = -5.000000;
a[63] = 4.000000;
a[64] = -3.000000;
a[65] = 2.000000;
a[66] = -1.000000.
